setosa
50
50
100.0 %
versicolor
61
50
81.9672131147541 %
virginica
39
50
78.0 %
[0. 0. 0. 0. 2. 0. 0. 0. 0. 0. 0. 0. 0. 0. 0. 0. 0. 0. 0. 2. 2. 2. 0. 0.
 2. 2. 0. 0. 2. 0. 0. 0. 0. 0. 0. 2. 2. 0. 0. 2. 2. 0. 0. 2. 2. 0. 0. 0.
 0. 0. 0. 0. 0. 0. 0. 0. 0. 0. 0. 1. 2. 1. 2. 1. 1. 2. 1. 1. 2. 2. 2. 1.
 1. 0. 2. 1. 1. 1. 2. 1. 1. 2. 2. 1. 1. 1. 1. 1. 2. 2. 1. 1. 1. 1. 1. 2.
 2. 1. 2. 1. 2. 1. 1. 1. 2. 1. 1. 1. 1. 2. 1. 1. 2. 1. 1. 1. 1. 1. 1. 1.
 2. 1. 1. 1. 1. 1. 1. 1. 1. 1. 2. 1. 1. 2. 2. 2. 2. 1. 1. 1. 2. 2. 1. 1.
 2. 2. 1. 2. 2. 1. 1. 1. 1. 2. 2. 2. 1. 2. 2. 2. 1. 2. 1. 2. 2. 1. 2. 2.
 2. 2. 1. 1. 2. 2. 2. 2. 2. 1.]
1
47
[58]
[81.03448276] %
2
69
[71]
[97.18309859] %
3
62
[48]
[77.41935484] %
[1. 0. 0. 0. 1. 1. 0. 0. 0. 1. 0. 0. 0. 0. 0. 0. 0. 0. 0. 0. 0. 0. 0. 0.
 0. 0. 0. 0. 0. 0. 0. 0. 0. 0. 0. 0. 0. 0. 0. 0. 0. 0. 0. 0. 0. 0. 0. 0.
 0. 0. 0. 0. 0. 0. 0. 0. 0. 0. 0. 0. 0. 0. 0. 0. 0. 0. 0. 0. 0. 0. 0. 0.
 0. 0. 0. 0. 0. 0. 0. 0. 0. 0. 0. 0. 1. 1. 1. 1. 1. 1. 1. 1. 1. 1. 1. 1.
 1. 1. 1. 1. 1. 1. 1. 1. 1. 1. 1. 1. 1. 1. 1. 1. 1. 1. 1. 1. 1. 1. 1. 1.
 1. 1. 1. 1. 1. 1. 1. 1. 1. 1. 1. 1. 1. 1. 1. 1. 1. 1. 1. 1. 1. 1. 1. 1.
 1. 1. 1. 1. 1. 1. 1. 1. 1. 1. 1. 1. 1. 1. 1. 1. 1. 1. 1. 1. 1. 1. 1. 1.
 1. 1.]
0
81
[86]
[93.02325581] %
1
90
[84]
[92.22222222] %